a1 = 100*exp(1j*deg2rad(-30));
a2 = 126.8706*exp(1j*deg2rad(-23.21));
a3 = 84.5237*exp(1j*deg2rad(35));
m1 = 0;
m2 = 30*exp(1j*deg2rad(0));
m3 = 100*exp(1j*deg2rad(100));

